DenseVector 6084-Double
0             0             0  -5,06476E-23  -5,17513E-22   -3,4884E-20
0  -5,69741E-24   1,90875E-23             0             0   -3,0268E-22
0   1,49436E-23   -9,0536E-23  -4,66349E-23  -9,46825E-24             0
0   4,03985E-22   6,75835E-22   4,66442E-22  -6,98775E-22  -5,25257E-22
0  -1,33695E-21   -8,1652E-21  -7,89371E-21    7,7412E-21   8,84191E-21
0  -4,13859E-24   2,02277E-20   2,89364E-20  -1,61515E-20  -3,19055E-20
0  -3,81072E-22  -8,42575E-21  -3,27726E-20   3,45874E-20   6,12492E-20
0   3,67014E-21   2,44722E-20   2,83177E-20  -9,48745E-20  -1,13311E-19
0  -4,74834E-21  -1,56144E-20   -4,0506E-20   1,20587E-19   2,21556E-19
0   2,19001E-21    1,8927E-21   2,18433E-20  -9,89957E-20  -2,18217E-19
0   2,63732E-22    2,2618E-20   1,24616E-20   8,58039E-20            ..
0   -1,6759E-23   7,30234E-22  -2,21336E-20  -1,04931E-19             0

